patient ID,Whole DICE,backGound,spleen,rightKidney,leftKidney,gallbladder,esophagus,liver,stomach,aorta,inferiorVenaCava,portalVeinAndSplenicVein,pancreas,rightAdrenalGland,leftAdrenalGland
case_01,0.8201987961058655,0.9954134797942799,0.78599550681762,0.2452196847089815,0.6980876169808694,0.45648483058976475,0.4554416403784591,0.9221690808406695,0.6962440919313501,0.8585236729700833,0.7178090279641361,0.37050297395620657,0.23365705931494798,0.0,0.0
case_02,0.6208470196529842,0.9914947533399417,0.38831265936846887,0.1569423197343065,0.016241242266562737,0.36634016028494454,0.0,0.8226822289046967,0.5946771671332097,0.31237767325565585,0.042382608397717396,0.3260747218494166,0.01157077528448343,0.0,0.0
case_03,0.6785642296954458,0.9907900959122042,0.6387349505840026,0.07220347491424167,0.09074247660086333,0.0,0.0,0.883849144520542,0.01984307370002161,0.3515972702996562,0.5794802884342303,0.3517540295272686,0.0,0.0,0.0
case_04,0.6968466260159911,0.9887891031908032,0.7709759289718948,0.18874999999999867,0.30731671319812376,0.06647661008163651,0.19824753559692232,0.8592231808916942,0.542697150651003,0.512059196673505,0.3196573489630232,0.09853335318641866,0.0,0.0,0.0
case_05,0.7396649319295286,0.9937203106789149,0.35390192075329824,0.443633343532801,0.3293673791747596,0.0,0.0,0.9198595724240001,0.3137923983334592,0.8360725538618515,0.06995594284740478,0.6067640276709756,0.033728205291071435,0.0,0.0
case_06,0.6967009434534029,0.9892418733601973,0.45674807640536524,0.08665596839896202,0.011363636363636223,0.0,0.0,0.8811335165651739,0.5047056740677861,0.00018752176591925595,0.000591097167280485,0.004614518851997489,0.0,0.0,0.0
case_07,0.8562780611890295,0.9963809332337411,0.7323458526847093,0.0,0.0,0.4470426409903329,0.041717791411035626,0.9459944988705775,0.6298879417444639,0.8670039532168357,0.8758468494884045,0.5898358236487461,0.17655023016517396,0.0,0.0
case_08,0.667785566876495,0.9849653407832318,0.7062941810299754,0.0703961950498699,0.010908647255972766,0.0,0.029790364104447426,0.8422425752694748,0.25662668335754835,0.628924197067879,0.16563764509204043,0.010975803999362722,0.0026606086653977066,0.0,0.0
case_09,0.7408313714451438,0.9914067029872621,0.45541677233916406,0.20849076581847942,0.19007895671496178,0.2642027261915411,0.11640676477046821,0.9222019627014043,0.5586209669672749,0.6985547708983316,0.13911960132890044,0.1535161776114565,0.17295265447480312,0.0,0.0
case_10,0.6567176385243652,0.9930142569943544,0.08944037308460841,0.0,0.0,0.0,0.29388297872333907,0.8861484436317141,0.44099825039378854,0.3441672749130418,0.49534689054112724,0.0009794918885827778,0.0,0.0,0.0
case_11,0.68054697001782,0.9911537145894006,0.5515072984387407,0.0,0.00745335864080358,0.0,0.4143463898064799,0.8367163803471311,0.7097124637530877,0.7754438723591565,0.43430988941132154,0.02657685690229479,0.02605083900980186,0.0,0.0
case_12,0.5452216470176854,0.9879649590363433,0.3750546689102513,0.0,0.0,0.0,0.20755264226462047,0.7204206142993328,0.33551253108643686,0.1736303325864398,0.6016186340307816,0.0,0.0,0.0,0.0
case_13,0.6034241697385435,0.991203889500902,0.5064839887710202,0.0,0.6918969527626916,0.0,0.43955431754870566,0.7872410130565511,0.3819735184996076,0.5546347757046309,0.12875642852716224,0.02013485965187329,0.0011810495235538537,0.0,0.0
case_14,0.513926004522397,0.9835011789538682,0.02484025892670683,0.0,0.0,0.0,0.6314775001852894,0.6120719899249568,0.5384414026647044,0.3935707915061504,0.542013036485219,0.0,0.0,0.0,0.0
case_15,0.639311426139892,0.9922897771518859,0.6664495644386506,0.0,0.010693333090026453,0.0,0.1459078110664638,0.8530796616008877,0.5238912258825086,0.2740243671344636,0.45675884626820745,0.005031150816974138,0.0,0.0,0.0
case_16,0.6379451457864006,0.9851105373993676,0.1462068204087819,0.0,0.017149597415251887,0.0910667266071514,0.6229290921139414,0.7741820247217351,0.5594611909845358,0.6991374353076379,0.627355988188773,0.017678490222828056,0.005094418183154007,0.0,0.0
case_17,0.5152611813814018,0.9847808884658661,0.15191929359015244,0.16738048749763546,0.7140556575787473,0.0,0.7445255474452006,0.4893350278956549,0.6666347499565124,0.6119710879800858,0.8464585274929992,0.13718060320548578,0.07905725630843913,0.0,0.0
case_18,0.731591965844118,0.9940867040279785,0.2141696910068016,0.08619626437175275,0.053906495773332376,0.0,0.6666666666665964,0.9190915964153095,0.5868293000887024,0.7700993178784333,0.8123672850309087,0.07826333980398471,0.0004814802077243099,0.0,0.0
case_19,0.5461384382074268,0.9887608333609587,0.1074808637597511,0.0,0.0,0.0,0.5769907353112962,0.8357196722454225,0.2997049423093375,0.2785270495529573,0.41035182300130674,0.0022727272727272266,0.0,0.0,0.0
case_20,0.5055586792976561,0.9874251566458354,0.08100925210931947,0.0,0.0,0.0,0.016684802321361783,0.8021452543376687,0.17007675908913372,0.43581017561011887,0.1393621849086155,0.04563519254487833,0.0,0.0,0.0
case_21,0.4087296973037279,0.9801256183300676,0.006569238203450461,0.0,0.0,0.0,0.0,0.6640134650094411,0.24221139115112908,0.12932991931977078,0.0640111651767179,0.0,0.0,0.0,0.0
case_22,0.2012801745041623,0.9596223468923765,0.0,0.0,0.0,0.0,0.0,0.42009891776383795,0.11712265910993229,0.0,0.0,0.0,0.0,0.0,0.0
case_23,0.26816268728044795,0.9620295776349218,0.10583591928956476,0.0,0.0,0.0,0.0,0.49137997205974887,0.1430237264100069,0.0,0.006854596864021818,0.0,0.0,0.0,0.0
case_24,0.22931089533083593,0.9802827192516622,0.0,0.0,0.0,0.0,0.0,0.4197343145418301,0.1427886194160642,0.0,0.0,0.0,0.0,0.0,0.0
case_25,0.3567904533141454,0.9650388235154,0.0148885987448932,0.0,0.0,0.0,0.0,0.583053024457852,0.17450742614221348,0.014134613850645086,6.420133538777538e-05,0.0,0.0,0.0,0.0
case_26,0.42947912022290313,0.9864022409239924,0.0,0.0,0.0,0.0,0.0,0.7330280092273321,0.19650829536761075,0.1480594491794015,0.02790422992691681,0.0,0.0,0.0,0.0
case_27,0.18137538354397664,0.9588863664979687,1.8235879274832009e-06,0.0,0.0,0.0,0.0,0.3008572704052693,0.15606919626806007,0.0,0.0,0.0,0.0,0.0,0.0
case_28,0.15401219803574737,0.967178312878289,0.0,0.0,0.0,0.0,0.0,0.29798375825985984,0.10489749623041142,0.0,0.0,0.0,0.0,0.0,0.0
case_29,0.4160870958762211,0.983644945554589,0.0,0.0,0.0,0.0,0.0008673026886382721,0.6014869843497616,0.36109319981688975,0.26704825625803447,0.0,0.0,0.0,0.0,0.0
means,0.5427099489053021,0.9843001876167794,0.28726150007672824,0.0595127070354148,0.10859524357988286,0.05833150671535763,0.1932065476690781,0.7250739019151563,0.3782259825002341,0.37706515617760983,0.29324186678871045,0.09814910836591303,0.02562015780788106,0.0,0.0
